StartTime=  655.0640000000002
EndTime=  2945.609355769231