StartTime=  471.42015873015873
EndTime=  1159.485769274376