StartTime=  57.07099773242631
EndTime=  508.7298609221465