StartTime=  135.3359410430839
EndTime=  388.5826757369614