StartTime=  458.5917913832199
EndTime=  827.6448526077095