StartTime=  184.16500000000002
EndTime=  363.46151562499995