StartTime=  155.3819501133787
EndTime=  518.4180272108842