StartTime=  82.89500000000001
EndTime=  150.52190224358975