StartTime=  766.9919999999998
EndTime=  1152.366468750001