StartTime=  434.6379999999999
EndTime=  958.4784531249999