StartTime=  373.47394557823134
EndTime=  844.7298682355829