StartTime=  55.54097505668935
EndTime=  154.83399092970524