StartTime=  108.99102040816325
EndTime=  455.366530612245