StartTime=  136.8680045351474
EndTime=  879.26253968254