StartTime=  52.38492063492063
EndTime=  399.31142290249437