StartTime=  25.358956916099775
EndTime=  171.28424603174602