StartTime=  500.0140362811791
EndTime=  1304.108370510994