StartTime=  26.487006802721087
EndTime=  305.3266893424036