Tool + Reformulated Query: Preicision, Recall, F-Score
-------------------------
Mean:0.6746878924676932, Median/Q2:0.8161844829464967, Q1:0.3271834415584416, Q3:1.0
Mean:0.5344391229963723, Median/Q2:0.5005694760820045, Q1:0.19634879725085913, Q3:0.9497924234561496
Mean:0.5047174198743904, Median/Q2:0.531068439192516, Q1:0.27877249397498316, Q3:0.7367313915857605
