StartTime=  217.0769160997732
EndTime=  924.0952124936