StartTime=  182.71997732426303
EndTime=  340.9064569160998